Orrin Hatch apologizes to John McCain for funeral comment: ‘I shouldn’t have said anything’,2018-05-08 15:19:57.346279
"After weeks of controversy, Paul Ryan swears the House chaplain back into office",2018-05-08 15:19:57.346304
Primary elections: GOP on edge as West Virginia considers Senate bid of controversial coal baron,2018-05-08 15:19:57.346310
The Daily 202: Five overshadowed stories spotlight Trump’s domestic priorities,2018-05-08 15:19:57.346314
"The Health 202: No one wants to be the big, bad wolf of drug costs",2018-05-08 15:19:57.346317
The Energy 202: How Don Blankenship courted controversy through his whole coal career,2018-05-08 15:19:57.346321
The Finance 202: Good news on the economy may not be a result of GOP tax cuts,2018-05-08 15:19:57.346324
The Cybersecurity 202: The newsletter launches on Wednesday,2018-05-08 15:19:57.346328
"Pelosi on Democratic candidates who denounce her: ‘Just win, baby’",2018-05-08 15:19:57.346331
Q&A for federal workers: Dearth of younger employees,2018-05-08 15:19:57.346335
GOP primaries gauge the anti-establishment fervor Trump helped unleash,2018-05-08 15:19:57.346338
"Debbie Lesko is sworn into the House, replacing Rep. Trent Franks",2018-05-08 15:19:57.346341
CIA sends classified Haspel files to Hill as top Democrat demands materials be made public,2018-05-08 15:19:57.346345
Republicans whose jobs once seemed safe are struggling for a 2018 survival strategy,2018-05-08 15:19:57.346348
Feds can be fired for the type of ‘dishonest conduct’ that critics attribute to Trump. He could learn from honored employees.,2018-05-08 15:19:57.346352
People tried to stop lava from flowing. This is why they failed,2018-05-08 15:19:57.346356
Watch as lava eats a Ford Mustang,2018-05-08 15:19:57.346359
Frustrated residents worry about fate of homes,2018-05-08 15:19:57.346362
5 earthquakes rumble California,2018-05-08 15:19:57.346366
NY prosecutors to investigate assault allegations against Eric Schneiderman,2018-05-08 15:19:57.346371
How to help the Hawaii volcano victims,2018-05-08 15:19:57.346375
Hawaii residents leave offerings for volcano goddess Pele as lava destroys homes,2018-05-08 15:19:57.346378
"Walk in your gun, drive off in a Ferrari",2018-05-08 15:19:57.346382
Farrow on Schneiderman: This was not role play,2018-05-08 15:19:57.346405
Black women swarmed by police at Airbnb rental,2018-05-08 15:19:57.346408
"Lawsuit accuses US Olympics, taekwondo stars of sex trafficking",2018-05-08 15:19:57.346411
Lawsuit accuses Olympians of sex trafficking,2018-05-08 15:19:57.346415
"5 things for May 8: Eric Schneiderman, Iran nuke deal, US elections, Hawaii, Nigeria",2018-05-08 15:19:57.346421
Memo says Pruitt flew first class to avoid 'lashing out from passengers',2018-05-08 15:19:57.346425
Melania Trump unveils 'Be Best' campaign,2018-05-08 15:19:57.346429
Melania Trump's popularity jumps in new CNN poll,2018-05-08 15:19:57.346432
Who is Gina Haspel?,2018-05-08 15:19:57.346436
Trump hinting at release of detained Americans alarms former diplomats,2018-05-08 15:19:57.346439
The $2 billion food startup you've never heard of,2018-05-08 15:19:57.346442
6 lifestyle tips during RCC treatment,2018-05-08 15:19:57.346446
WALAWWII and Purple Heart veteran gets special birthday flight,2018-05-08 15:19:57.346449
WMARTruck crashes into Southwest Airlines plane at BWI,2018-05-08 15:19:57.346452
WPIXNY educators demand paid parental leave,2018-05-08 15:19:57.346456
WSMVCourt date pushed back for Waffle House gunman,2018-05-08 15:19:57.346459
WTKRPresident of Virginia Tech dies at age 70,2018-05-08 15:19:57.346462
WFSBMan in custody after highway shooting in CT,2018-05-08 15:19:57.346465
WSBCounty has school buses with stop-arm cameras,2018-05-08 15:19:57.346469
WBZStudent killed before graduation now identified,2018-05-08 15:19:57.346472
WFTSFlorida deputy shot in head critically injured,2018-05-08 15:19:57.346475
WGCLParents speak out about pending gun policy,2018-05-08 15:19:57.346479
KMOVProsecutors get warrant to search Gov. Greitans' Google account,2018-05-08 15:19:57.346482
WBBMSmall gift goes a long way for wounded teen,2018-05-08 15:19:57.346486
WNEMNaked man chases woman on Michigan trail,2018-05-08 15:19:57.346489
"WGN5 killed, 35 injured in weekend shootings in Chicago",2018-05-08 15:19:57.346492
WXINPlane out of Indiana makes emergency landing,2018-05-08 15:19:57.346495
KSATSan Antonio man drowns while tubing in river,2018-05-08 15:19:57.346499
WCCOHomeowner apologizes for controversial piñatas,2018-05-08 15:19:57.346502
"WAPTHomicide numbers continue to grow in Jackson, MI",2018-05-08 15:19:57.346505
WCPOWhat are parents' rights in bullying cases?,2018-05-08 15:19:57.346524
WGNOPD investigating multiple shootings over weekend,2018-05-08 15:19:57.346527
KDVRBaby born in Chipotle parking lot gets burrito themed baby shower,2018-05-08 15:19:57.346530
KTVK/KPHOPolice: Arizona man assaults kids following prank,2018-05-08 15:19:57.346534
"KITVHistoric, neglected Navy homes may find new life",2018-05-08 15:19:57.346537
KPIXUniversity of CA  workers begin 3-day strike,2018-05-08 15:19:57.346541
KPTVScrapyard impacted by fire frustrates residents,2018-05-08 15:19:57.346544
KOATNew Mexico State police officer charged with DWI,2018-05-08 15:19:57.346547
KSLUtah motorcyclist killed in crash in Idaho,2018-05-08 15:19:57.346551
KRQEStudent inspires mountain bikers through project,2018-05-08 15:19:57.346554
KVVUArmed teen robbers caught at taco shop,2018-05-08 15:19:57.346557
KCBSCA poised to mandate solar panels built on homes,2018-05-08 15:19:57.346560
He’s 5'9'' and leads MLB in home runs,2018-05-08 15:19:57.346564
She’s the first woman in 22 years to do this for MLB,2018-05-08 15:19:57.346567
He'd play for free for another NBA shot,2018-05-08 15:19:57.346570
MLB star may be related to Meghan Markle,2018-05-08 15:19:57.346574
"Police: Family faked son's cancer for donations, football visit",2018-05-08 15:19:57.346577
House caught fire with murdered victims inside,2018-05-08 15:19:57.346580
"Suspect maintains innocence, gets helping hand",2018-05-08 15:19:57.346584
She was engaged when her body was found,2018-05-08 15:19:57.346587
Was mom convicted of killing son wrongly accused?,2018-05-08 15:19:57.346590
His family was killed — and he stands accused,2018-05-08 15:19:57.346593
Smart glasses led the blind,2018-05-08 15:19:57.346597
What a shot! 23 amazing sports photos,2018-05-08 15:19:57.346600
The week in 24 photos,2018-05-08 15:19:57.346603
Modernizing A Retail Icon,2018-05-08 15:19:57.346606
The Business of Making Fun,2018-05-08 15:19:57.346609
What a shot! 26 amazing sports photos,2018-05-08 15:19:57.346612
The week in 22 photos,2018-05-08 15:19:57.346615
The week in 26 photos,2018-05-08 15:19:57.346618
What a shot! 28 amazing sports photos,2018-05-08 15:19:57.346621
Watch as Hawaii lava flow consumes car,2018-05-08 15:19:57.346625
Carrie Underwood's first music video since accident,2018-05-08 15:19:57.346628
Black women swarmed by police at Airbnb rental,2018-05-08 15:19:57.346631
Must-see looks from the 2018 Met Gala,2018-05-08 15:19:57.346635
John Kerry urges Trump to keep Iran deal,2018-05-08 15:19:57.346638
Childish Gambino drops powerful music video,2018-05-08 15:19:57.346641
The health side effects of volcano eruptions,2018-05-08 15:19:57.346644
'The Hangover' star stops show to help fan,2018-05-08 15:19:57.346647
Melania Trump unveils 'Be Best' campaign,2018-05-08 15:19:57.346651
Watch as lava eats a Ford Mustang,2018-05-08 15:19:57.346654
NY attorney general resigns over allegations,2018-05-08 15:19:57.346657
Watch man trip armed suspect fleeing police,2018-05-08 15:19:57.346660
Experts are urging Americans to refinance in 2018,2018-05-08 15:19:57.346678
Your best refinance rates for May 2018,2018-05-08 15:19:57.346681
Do This Before Your Next Mortgage Payment (It's Genius!),2018-05-08 15:19:57.346684
The 4 best airline credit cards for 2018,2018-05-08 15:19:57.346687
"""Game Changer"" for Americans in debt: 0% intro APR until nearly 2020",2018-05-08 15:19:57.346690
8 spectacular cards for those with excellent credit,2018-05-08 15:19:57.346693
"Goodbye, old iPhone: This could be 40X better",2018-05-08 15:19:57.346697
"Bitcoin up 30,000X -- here's your backdoor in",2018-05-08 15:19:57.346700
$19.9 trillion idea hidden in plain sight,2018-05-08 15:19:57.346703
Trump says Pompeo is en route to North Korea,2018-05-08 15:19:57.346706
5 earthquakes rumble California,2018-05-08 15:19:57.346709
NY prosecutors to investigate assault allegations against Eric Schneiderman,2018-05-08 15:19:57.346712
Democratic lawmakers unhappy with Trump's decision to withdraw from Iran deal,2018-05-08 15:19:57.346715
How to help the Hawaii volcano victims,2018-05-08 15:19:57.346719
House panel grills wholesale drug distributors on West Virginia opioid 'pill dumping',2018-05-08 15:19:57.346722
Republican senator apologizes for comments about John McCain,2018-05-08 15:19:57.346725
Blunt: Obama deal guarantees nuclear Iran,2018-05-08 15:19:57.346728
Trump: Pompeo en route to North Korea,2018-05-08 15:19:57.346732
Who is Rudy Giuliani?,2018-05-08 15:19:57.346735
The 'Donald Trump is getting sick of Rudy Giuliani' storyline is the most predictable thing ever,2018-05-08 15:19:57.346737
"Trump announces withdrawal from Iran nuclear deal, isolating him further from world",2018-05-08 15:19:57.346741
"Schneiderman accuser praises Rose McGowan, saying 'bravery is contagious'",2018-05-08 15:19:57.346744
Trump withdraws US from Iran nuclear deal,2018-05-08 15:19:57.346748
Trump announces withdrawal from Iran deal,2018-05-08 15:19:57.346751
Air Force grounds all aircraft for one day following accidents,2018-05-08 15:19:57.346754
CIA director nominee moves closer to confirmation in the US Senate,2018-05-08 15:19:57.346757
Soldier watches daughter's birth on FaceTime,2018-05-08 15:19:57.346760
Tonight's primaries could prove the Trump takeover of the GOP is totally complete,2018-05-08 15:19:57.346763
Trump has lost control of Trumpism,2018-05-08 15:19:57.346767
Some inside White House balk at Giuliani's role,2018-05-08 15:19:57.346770
Hawaii residents leave offerings for volcano goddess Pele as lava destroys homes,2018-05-08 15:19:57.346773
A Minnesota piñata maker says he is sorry for hanging black figures from his porch,2018-05-08 15:19:57.346776
Trump's pick for top UN migration job gave misleading answers on tweets critical of climate change,2018-05-08 15:19:57.346780
Trump's support for embattled Pruitt could be wavering,2018-05-08 15:19:57.346783
"Eric Schneiderman is the latest hypocritical, self delusional male politician. He won't be the last.",2018-05-08 15:19:57.346787
Bernard Shaw Fast Facts,2018-05-08 15:19:57.346790
Prince Harry and Meghan share proposal details,2018-05-08 15:19:57.346823
